
2110
9285
7811
5354
0564
9226
0821
5473
8254
0526
9671
3472
0536
2588
2596
3423
7958
0140
8552
5510
5352
0716
4412
3329
0987
7326
3134
7146
9860
4943
9193
6242
1736
6530
1712
3853
4304
4840
9462
3057
5660
2423
7297
6538
1955
1189
7473
8927
9042
8318
6637
1608
0481
9562
8254
1928
4633
8020
2651
7464
0310
5168
9849
8279
3037
2950
3392
2979
0868
5425
1586
5640
2569
3078
4502
9091
5670
1056
2205
1180
9942
1077
4990
9209
4808
9497
2040
9834
4782
0752
1130
1244
3784
9501
0785
2571
0758
9826
9592
6048
7334
1459
6020
5502
3546
2962
8090
6887
8126
7403
5894
9248
1071
6424
5956
9198
5596
8107
7531
1259
3179
7213
4226
3776
3612
1956
6392
0613
2708
2674
3019
0331
7863
9843
3435
4896
0699
0575
3429
2178
7343
5095
0441
0267
5412
9446
3136
4741
9738
2485
8367
2479
1656
6870
9325
1146
4065
6019
0336
2945
5298
6571
1563
1822
4067
1371
3587
4116
1667
5064
3542
6971
2585
0118
2098
2884
4236
3247
3408
3955
3527
1760
0099
1848
5462
8764
5898
7164
8978
8994
2303
4034
1079
9132
5797
7916
0754
0419
9336
6412
5686
7881
6339
2193
4328
5191
3843
0396
6150
8530
6859
4216
5785
6819
6626
7795
1717
0558
4105
3851
9302
5373
6637
8512
3858
0844
9920
3059
1821
9209
5308
4530
9756
5573
8641
3828
5975
8854
8606
0145
2054
6012
2592
7571
6967
9441
9609
9356
5819
8107
5774
0753
8084
5817
2199
5801
1425
3393
5287
4990
9745
0164
9080
8422
0448
2965
5807
2569
1918
9413
1049
8002
2400
8421
7503
4731
6429
6277
8453
4261
0797
6939
3195
5669
1970
4784
1468
4455
9323
5029
6337
5656
8209
1860
8310
7571
9365
2878
2731
8864
5740
2263
8720
5642
5987
7714
5299
3283
7751
8572
8514
2115
6240
8198
7160
7598
1456
7244
2936
2269
5970
9439
6502
0765
5880
6314
8043
2602
7019
6128
8441
0361
0663
9509
6610
8270
3437
9226
5085
5495
6056
8821
5918
0573
5800
1603
6546
4778
0687
1884
4242
4879
2680
7760
1698
6085
8441
5061
6859
9701
4277
3221
9646
3568
0612
9736
4913
9960
2134
2488
1582
4316
1303
0621
5405
9064
2608
0489
4926
3685
5489
2071
6066
3676
9503
1880
4562
7698
3834
8595
4734
6420
4653
2750
7276
3964
4568
8940
0580
0273
7798
4205
8056
5374
1931
3067
2058
6930
9546
7016
4420
7631
3212
3959
4098
8462
9747
4375
7294
0051
4972
9021
5809
0910
3429
9225
1851
2626
7450
4298
3612
2496
9364
2982
0648
5967
4905
7761
1269
1399
8542
6076
0175
6238
9914
9781
7671
0890
2682
9263
1830
6216
0731
1582
6135
2422
8463
1367
2903
7977
7664
8317
3270
8159
1036
9752
8307
9689
3275
7396
1838
7387
0122
5650
7218
7886
9582
1333
0051
4204
7745
0276
1924
5246
0314
5532
9801
2225
2409
3934
0175
1508
2251
0664
8952
1987
0541
9169
7867
7752
8671
8413
9233
7796
0428
0832
4894
7605
1941
5372
1514
3459
1404
2175
8205
8790
2982
0485
4053
5413
2078
4207
2188
7918
0608
1221
9054
7821
2471
5678
4063
8541
4556
9376
4560
9364
0252
5365
1796
3169
4153
7219
9951
1779
4824
3146
8843
8474
0728
0885
0192
2208
2153
1891
3901
6087
0562
2928
1664
8952
6123
1143
2676
7490
7522
0670
4591
7449
2610
0518
2681
6074
4834
8902
0896
8788
0335
5913
1950
6177
7143
0079
6519
8461
2608
2136
8388
9065
6318
1079
9636
3141
3761
8113
7942
5913
1285
4816
0314
4554
0791
4269
0492
0351
2504
1432
6691
5417
6120
0915
6102
6571
0581
5094
9967
2110
9285
7811
5354
0564
9226
0821
5473
8254
0526
9671
3472
0536
2588
2596
3423
7958
0140
8552
5510
5352
0716
4412
3329
0987
7326
3134
7146
9860
4943
9193
6242
1736
6530
1712
3853
4304
4840
9462
3057
5660
2423
7297
6538
1955
1189
7473
8927
9042
8318
6637
1608
0481
9562
8254
1928
4633
8020
2651
7464
0310
5168
9849
8279
3037
2950
3392
2979
0868
5425
1586
5640
2569
3078
4502
9091
5670
1056
2205
1180
9942
1077
4990
9209
4808
9497
2040
9834
4782
0752
1130
1244
3784
9501
0785
2571
0758
9826
9592
6048
7334
1459
6020
5502
3546
2962
8090
6887
8126
7403
5894
9248
1071
6424
5956
9198
5596
8107
7531
1259
3179
7213
4226
3776
3612
1956
6392
0613
2708
2674
3019
0331
7863
9843
3435
4896
0699
0575
3429
2178
7343
5095
0441
0267
5412
9446
3136
4741
9738
2485
8367
2479
1656
6870
9325
1146
4065
6019
0336
2945
5298
6571
1563
1822
4067
1371
3587
4116
1667
5064
3542
6971
2585
0118
2098
2884
4236
3247
3408
3955
3527
1760
0099
1848
5462
8764
5898
7164
8978
8994
2303
4034
1079
9132
5797
7916
0754
0419
9336
6412
5686
7881
6339
2193
4328
5191
3843
0396
6150
8530
6859
4216
5785
6819
6626
7795
1717
0558
4105
3851
9302
5373
6637
8512
3858
0844
9920
3059
1821
9209
5308
4530
9756
5573
8641
3828
5975
8854
8606
0145
2054
6012
2592
7571
6967
9441
9609
9356
5819
8107
5774
0753
8084
5817
2199
5801
1425
3393
5287
4990
9745
0164
9080
8422
0448
2965
5807
2569
1918
9413
1049
8002
2400
8421
7503
4731
6429
6277
8453
4261
0797
6939
3195
5669
1970
4784
1468
4455
9323
5029
6337
5656
8209
1860
8310
7571
9365
2878
2731
8864
5740
2263
8720
5642
5987
7714
5299
3283
7751
8572
8514
2115
6240
8198
7160
7598
1456
7244
2936
2269
5970
9439
6502
0765
5880
6314
8043
2602
7019
6128
8441
0361
0663
9509
6610
8270
3437
9226
5085
5495
6056
8821
5918
0573
5800
1603
6546
4778
0687
1884
4242
4879
2680
7760
1698
6085
8441
5061
6859
9701
4277
3221
9646
3568
0612
9736
4913
9960
2134
2488
1582
4316
1303
0621
5405
9064
2608
0489
4926
3685
5489
2071
6066
3676
9503
1880
4562
7698
3834
8595
4734
6420
4653
2750
7276
3964
4568
8940
0580
0273
7798
4205
8056
5374
1931
3067
2058
6930
9546
7016
4420
7631
3212
3959
4098
8462
9747
4375
7294
0051
4972
9021
5809
0910
3429
9225
1851
2626
7450
4298
3612
2496
9364
2982
0648
5967
4905
7761
1269
1399
8542
6076
0175
6238
9914
9781
7671
0890
2682
9263
1830
6216
0731
1582
6135
2422
8463
1367
2903
7977
7664
8317
3270
8159
1036
9752
8307
9689
3275
7396
1838
7387
0122
5650
7218
7886
9582
1333
0051
4204
7745
0276
1924
5246
0314
5532
9801
2225
2409
3934
0175
1508
2251
0664
8952
1987
0541
9169
7867
7752
8671
8413
9233
7796
0428
0832
4894
7605
1941
5372
1514
3459
1404
2175
8205
8790
2982
0485
4053
5413
2078
4207
2188
7918
0608
1221
9054
7821
2471
5678
4063
8541
4556
9376
4560
9364
0252
5365
1796
3169
4153
7219
9951
1779
4824
3146
8843
8474
0728
0885
0192
2208
2153
1891
3901
6087
0562
2928
1664
8952
6123
1143
2676
7490
7522
0670
4591
7449
2610
0518
2681
6074
4834
8902
0896
8788
0335
5913
1950
6177
7143
0079
6519
8461
2608
2136
8388
9065
6318
1079
9636
3141
3761
8113
7942
5913
1285
4816
0314
4554
0791
4269
0492
0351
2504
1432
6691
5417
6120
0915
6102
6571
0581
5094
9967
2110
9285
7811
5354
0564
9226
0821
5473
8254
0526
9671
3472
0536
2588
2596
3423
7958
0140
8552
5510
5352
0716
4412
3329
0987
7326
3134
7146
9860
4943
9193
6242
1736
6530
1712
3853
4304
4840
9462
3057
5660
2423
7297
6538
1955
1189
7473
8927
9042
8318
6637
1608
0481
9562
8254
1928
4633
8020
2651
7464
0310
5168
9849
8279
3037
2950
3392
2979
0868
5425
1586
5640
2569
3078
4502
9091
5670
1056
2205
1180
9942
1077
4990
9209
4808
9497
2040
9834
4782
0752
1130
1244
3784
9501
0785
2571
0758
9826
9592
6048
7334
1459
6020
5502
3546
2962
8090
6887
8126
7403
5894
9248
1071
6424
5956
9198
5596
8107
7531
1259
3179
7213
4226
3776
3612
1956
6392
0613
2708
2674
3019
0331
7863
9843
3435
4896
0699
0575
3429
2178
7343
5095
0441
0267
5412
9446
3136
4741
9738
2485
8367
2479
1656
6870
9325
1146
4065
6019
0336
2945
5298
6571
1563
1822
4067
1371
3587
4116
1667
5064
3542
6971
2585
0118
2098
2884
4236
3247
3408
3955
3527
1760
0099
1848
5462
8764
5898
7164
8978
8994
2303
4034
1079
9132
5797
7916
0754
0419
9336
6412
5686
7881
6339
2193
4328
5191
3843
0396
6150
8530
6859
4216
5785
6819
6626
7795
1717
0558
4105
3851
9302
5373
6637
8512
3858
0844
9920
3059
1821
9209
5308
4530
9756
5573
8641
3828
5975
8854
8606
0145
2054
6012
2592
7571
6967
9441
9609
9356
5819
8107
5774
0753
8084
5817
2199
5801
1425
3393
5287
4990
9745
0164
9080
8422
0448
2965
5807
2569
1918
9413
1049
8002
2400
8421
7503
4731
6429
6277
8453
4261
0797
6939
3195
5669
1970
4784
1468
4455
9323
5029
6337
5656
8209
1860
8310
7571
9365
2878
2731
8864
5740
2263
8720
5642
5987
7714
5299
3283
7751
8572
8514
2115
6240
8198
7160
7598
1456
7244
2936
2269
5970
9439
6502
0765
5880
6314
8043
2602
7019
6128
8441
0361
0663
9509
6610
8270
3437
9226
5085
5495
6056
8821
5918
0573
5800
1603
6546
4778
0687
1884
4242
4879
2680
7760
1698
6085
8441
5061
6859
9701
4277
3221
9646
3568
0612
9736
4913
9960
2134
2488
1582
4316
1303
0621
5405
9064
2608
0489
4926
3685
5489
2071
6066
3676
9503
1880
4562
7698
3834
8595
4734
6420
4653
2750
7276
3964
4568
8940
0580
0273
7798
4205
8056
5374
1931
3067
2058
6930
9546
7016
4420
7631
3212
3959
4098
8462
9747
4375
7294
0051
4972
9021
5809
0910
3429
9225
1851
2626
7450
4298
3612
2496
9364
2982
0648
5967
4905
7761
1269
1399
8542
6076
0175
6238
9914
9781
7671
0890
2682
9263
1830
6216
0731
1582
6135
2422
8463
1367
2903
7977
7664
8317
3270
8159
1036
9752
8307
9689
3275
7396
1838
7387
0122
5650
7218
7886
9582
1333
0051
4204
7745
0276
1924
5246
0314
5532
9801
2225
2409
3934
0175
1508
2251
0664
8952
1987
0541
9169
7867
7752
8671
8413
9233
7796
0428
0832
4894
7605
1941
5372
1514
3459
1404
2175
8205
8790
2982
0485
4053
5413
2078
4207
2188
7918
0608
1221
9054
7821
2471
5678
4063
8541
4556
9376
4560
9364
0252
5365
1796
3169
4153
7219
9951
1779
4824
3146
8843
8474
0728
0885
0192
2208
2153
1891
3901
6087
0562
2928
1664
8952
6123
1143
2676
7490
7522
0670
4591
7449
2610
0518
2681
6074
4834
8902
0896
8788
0335
5913
1950
6177
7143
0079
6519
8461
2608
2136
8388
9065
6318
1079
9636
3141
3761
8113
7942
5913
1285
4816
0314
4554
0791
4269
0492
0351
2504
1432
6691
5417
6120
0915
6102
6571
0581
5094
9967
2110
9285
7811
5354
0564
9226
0821
5473
8254
0526
9671
3472
0536
2588
2596
3423
7958
0140
8552
5510
5352
0716
4412
3329
0987
7326
3134
7146
9860
4943
9193
6242
1736
6530
1712
3853
4304
4840
9462
3057
5660
2423
7297
6538
1955
1189
7473
8927
9042
8318
6637
1608
0481
9562
8254
1928
4633
8020
2651
7464
0310
5168
9849
8279
3037
2950
3392
2979
0868
5425
1586
5640
2569
3078
4502
9091
5670
1056
2205
1180
9942
1077
4990
9209
4808
9497
2040
9834
4782
0752
1130
1244
3784
9501
0785
2571
0758
9826
9592
6048
7334
1459
6020
5502
3546
2962
8090
6887
8126
7403
5894
9248
1071
6424
5956
9198
5596
8107
7531
1259
3179
7213
4226
3776
3612
1956
6392
0613
2708
2674
3019
0331
7863
9843
3435
4896
0699
0575
3429
2178
7343
5095
0441
0267
5412
9446
3136
4741
9738
2485
8367
2479
1656
6870
9325
1146
4065
6019
0336
2945
5298
6571
1563
1822
4067
1371
3587
4116
1667
5064
3542
6971
2585
0118
2098
2884
4236
3247
3408
3955
3527
1760
0099
1848
5462
8764
5898
7164
8978
8994
2303
4034
1079
9132
5797
7916
0754
0419
9336
6412
5686
7881
6339
2193
4328
5191
3843
0396
6150
8530
6859
4216
5785
6819
6626
7795
1717
0558
4105
3851
9302
5373
6637
8512
3858
0844
9920
3059
1821
9209
5308
4530
9756
5573
8641
3828
5975
8854
8606
0145
2054
6012
2592
7571
6967
9441
9609
9356
5819
8107
5774
0753
8084
5817
2199
5801
1425
3393
5287
4990
9745
0164
9080
8422
0448
2965
5807
2569
1918
9413
1049
8002
2400
8421
7503
4731
6429
6277
8453
4261
0797
6939
3195
5669
1970
4784
1468
4455
9323
5029
6337
5656
8209
1860
8310
7571
9365
2878
2731
8864
5740
2263
8720
5642
5987
7714
5299
3283
7751
8572
8514
2115
6240
8198
7160
7598
1456
7244
2936
2269
5970
9439
6502
0765
5880
6314
8043
2602
7019
6128
8441
0361
0663
9509
6610
8270
3437
9226
5085
5495
6056
8821
5918
0573
5800
1603
6546
4778
0687
1884
4242
4879
2680
7760
1698
6085
8441
5061
6859
9701
4277
3221
9646
3568
0612
9736
4913
9960
2134
2488
1582
4316
1303
0621
5405
9064
2608
0489
4926
3685
5489
2071
6066
3676
9503
1880
4562
7698
3834
8595
4734
6420
4653
2750
7276
3964
4568
8940
0580
0273
7798
4205
8056
5374
1931
3067
2058
6930
9546
7016
4420
7631
3212
3959
4098
8462
9747
4375
7294
0051
4972
9021
5809
0910
3429
9225
1851
2626
7450
4298
3612
2496
9364
2982
0648
5967
4905
7761
1269
1399
8542
6076
0175
6238
9914
9781
7671
0890
2682
9263
1830
6216
0731
1582
6135
2422
8463
1367
2903
7977
7664
8317
3270
8159
1036
9752
8307
9689
3275
7396
1838
7387
0122
5650
7218
7886
9582
1333
0051
4204
7745
0276
1924
5246
0314
5532
9801
2225
2409
3934
0175
1508
2251
0664
8952
1987
0541
9169
7867
7752
8671
8413
9233
7796
0428
0832
4894
7605
1941
5372
1514
3459
1404
2175
8205
8790
2982
0485
4053
5413
2078
4207
2188
7918
0608
1221
9054
7821
2471
5678
4063
8541
4556
9376
4560
9364
0252
5365
1796
3169
4153
7219
9951
1779
4824
3146
8843
8474
0728
0885
0192
2208
2153
1891
3901
6087
0562
2928
1664
8952
6123
1143
2676
7490
7522
0670
4591
7449
2610
0518
2681
6074
4834
8902
0896
8788
0335
5913
1950
6177
7143
0079
6519
8461
2608
2136
8388
9065
6318
1079
9636
3141
3761
8113
7942
5913
1285
4816
0314
4554
0791
4269
0492
0351
2504
1432
6691
5417
6120
0915
6102
6571
0581
5094
9967
2110
9285
7811
5354
0564
9226
0821
5473
8254
0526
9671
3472
0536
2588
2596
3423
7958
0140
8552
5510
5352
0716
4412
3329
0987
7326
3134
7146
9860
4943
9193
6242
1736
6530
1712
3853
4304
4840
9462
3057
5660
2423
7297
6538
1955
1189
7473
8927
9042
8318
6637
1608
0481
9562
8254
1928
4633
8020
2651
7464
0310
5168
9849
8279
3037
2950
3392
2979
0868
5425
1586
5640
2569
3078
4502
9091
5670
1056
2205
1180
9942
1077
4990
9209
4808
9497
2040
9834
4782
0752
1130
1244
3784
9501
0785
2571
0758
9826
9592
6048
7334
1459
6020
5502
3546
2962
8090
6887
8126
7403
5894
9248
1071
6424
5956
9198
5596
8107
7531
1259
3179
7213
4226
3776
3612
1956
6392
0613
2708
2674
3019
0331
7863
9843
3435
4896
0699
0575
3429
2178
7343
5095
0441
0267
5412
9446
3136
4741
9738
2485
8367
2479
1656
6870
9325
1146
4065
6019
0336
2945
5298
6571
1563
1822
4067
1371
3587
4116
1667
5064
3542
6971
2585
0118
2098
2884
4236
3247
3408
3955
3527
1760
0099
1848
5462
8764
5898
7164
8978
8994
2303
4034
1079
9132
5797
7916
0754
0419
9336
6412
5686
7881
6339
2193
4328
5191
3843
0396
6150
8530
6859
4216
5785
6819
6626
7795
1717
0558
4105
3851
9302
5373
6637
8512
3858
0844
9920
3059
1821
9209
5308
4530
9756
5573
8641
3828
5975
8854
8606
0145
2054
6012
2592
7571
6967
9441
9609
9356
5819
8107
5774
0753
8084
5817
2199
5801
1425
3393
5287
4990
9745
0164
9080
8422
0448
2965
5807
2569
1918
9413
1049
8002
2400
8421
7503
4731
6429
6277
8453
4261
0797
6939
3195
5669
1970
4784
1468
4455
9323
5029
6337
5656
8209
1860
8310
7571
9365
2878
2731
8864
5740
2263
8720
5642
5987
7714
5299
3283
7751
8572
8514
2115
6240
8198
7160
7598
1456
7244
2936
2269
5970
9439
6502
0765
5880
6314
8043
2602
7019
6128
8441
0361
0663
9509
6610
8270
3437
9226
5085
5495
6056
8821
5918
0573
5800
1603
6546
4778
0687
1884
4242
4879
2680
7760
1698
6085
8441
5061
6859
9701
4277
3221
9646
3568
0612
9736
4913
9960
2134
2488
1582
4316
1303
0621
5405
9064
2608
0489
4926
3685
5489
2071
6066
3676
9503
1880
4562
7698
3834
8595
4734
6420
4653
2750
7276
3964
4568
8940
0580
0273
7798
4205
8056
5374
1931
3067
2058
6930
9546
7016
4420
7631
3212
3959
4098
8462
9747
4375
7294
0051
4972
9021
5809
0910
3429
9225
1851
2626
7450
4298
3612
2496
9364
2982
0648
5967
4905
7761
1269
1399
8542
6076
0175
6238
9914
9781
7671
0890
2682
9263
1830
6216
0731
1582
6135
2422
8463
1367
2903
7977
7664
8317
3270
8159
1036
9752
8307
9689
3275
7396
1838
7387
0122
5650
7218
7886
9582
1333
0051
4204
7745
0276
1924
5246
0314
5532
9801
2225
2409
3934
0175
1508
2251
0664
8952
1987
0541
9169
7867
7752
8671
8413
9233
7796
0428
0832
4894
7605
1941
5372
1514
3459
1404
2175
8205
8790
2982
0485
4053
5413
2078
4207
2188
7918
0608
1221
9054
7821
2471
5678
4063
8541
4556
9376
4560
9364
0252
5365
1796
3169
4153
7219
9951
1779
4824
3146
8843
8474
0728
0885
0192
2208
2153
1891
3901
6087
0562
2928
1664
8952
6123
1143
2676
7490
7522
0670
4591
7449
2610
0518
2681
6074
4834
8902
0896
8788
0335
5913
1950
6177
7143
0079
6519
8461
2608
2136
8388
9065
6318
1079
9636
3141
3761
8113
7942
5913
1285
4816
0314
4554
0791
4269
0492
0351
2504
1432
6691
5417
6120
0915
6102
6571
0581
5094
9967
2110
9285
7811
5354
0564
9226
0821
5473
8254
0526
9671
3472
0536
2588
2596
3423
7958
0140
8552
5510
5352
0716
4412
3329
0987
7326
3134
7146
9860
4943
9193
6242
1736
6530
1712
3853
4304
4840
9462
3057
5660
2423
7297
6538
1955
1189
7473
8927
9042
8318
6637
1608
0481
9562
8254
1928
4633
8020
2651
7464
0310
5168
9849
8279
3037
2950
3392
2979
0868
5425
1586
5640
2569
3078
4502
9091
5670
1056
2205
1180
9942
1077
4990
9209
4808
9497
2040
9834
4782
0752
1130
1244
3784
9501
0785
2571
0758
9826
9592
6048
7334
1459
6020
5502
3546
2962
8090
6887
8126
7403
5894
9248
1071
6424
5956
9198
5596
8107
7531
1259
3179
7213
4226
3776
3612
1956
6392
0613
2708
2674
3019
0331
7863
9843
3435
4896
0699
0575
3429
2178
7343
5095
0441
0267
5412
9446
3136
4741
9738
2485
8367
2479
1656
6870
9325
1146
4065
6019
0336
2945
5298
6571
1563
1822
4067
1371
3587
4116
1667
5064
3542
6971
2585
0118
2098
2884
4236
3247
3408
3955
3527
1760
0099
1848
5462
8764
5898
7164
8978
8994
2303
4034
1079
9132
5797
7916
0754
0419
9336
6412
5686
7881
6339
2193
4328
5191
3843
0396
6150
8530
6859
4216
5785
6819
6626
7795
1717
0558
4105
3851
9302
5373
6637
8512
3858
0844
9920
3059
1821
9209
5308
4530
9756
5573
8641
3828
5975
8854
8606
0145
2054
6012
2592
7571
6967
9441
9609
9356
5819
8107
5774
0753
8084
5817
2199
5801
1425
3393
5287
4990
9745
0164
9080
8422
0448
2965
5807
2569
1918
9413
1049
8002
2400
8421
7503
4731
6429
6277
8453
4261
0797
6939
3195
5669
1970
4784
1468
4455
9323
5029
6337
5656
8209
1860
8310
7571
9365
2878
2731
8864
5740
2263
8720
5642
5987
7714
5299
3283
7751
8572
8514
2115
6240
8198
7160
7598
1456
7244
2936
2269
5970
9439
6502
0765
5880
6314
8043
2602
7019
6128
8441
0361
0663
9509
6610
8270
3437
9226
5085
5495
6056
8821
5918
0573
5800
1603
6546
4778
0687
1884
4242
4879
2680
7760
1698
6085
8441
5061
6859
9701
4277
3221
9646
3568
0612
9736
4913
9960
2134
2488
1582
4316
1303
0621
5405
9064
2608
0489
4926
3685
5489
2071
6066
3676
9503
1880
4562
7698
3834
8595
4734
6420
4653
2750
7276
3964
4568
8940
0580
0273
7798
4205
8056
5374
1931
3067
2058
6930
9546
7016
4420
7631
3212
3959
4098
8462
9747
4375
7294
0051
4972
9021
5809
0910
3429
9225
1851
2626
7450
4298
3612
2496
9364
2982
0648
5967
4905
7761
1269
1399
8542
6076
0175
6238
9914
9781
7671
0890
2682
9263
1830
6216
0731
1582
6135
2422
8463
1367
2903
7977
7664
8317
3270
8159
1036
9752
8307
9689
3275
7396
1838
7387
0122
5650
7218
7886
9582
1333
0051
4204
7745
0276
1924
5246
0314
5532
9801
2225
2409
3934
0175
1508
2251
0664
8952
1987
0541
9169
7867
7752
8671
8413
9233
7796
0428
0832
4894
7605
1941
5372
1514
3459
1404
2175
8205
8790
2982
0485
4053
5413
2078
4207
2188
7918
0608
1221
9054
7821
2471
5678
4063
8541
4556
9376
4560
9364
0252
5365
1796
3169
4153
7219
9951
1779
4824
3146
8843
8474
0728
0885
0192
2208
2153
1891
3901
6087
0562
2928
1664
8952
6123
1143
2676
7490
7522
0670
4591
7449
2610
0518
2681
6074
4834
8902
0896
8788
0335
5913
1950
6177
7143
0079
6519
8461
2608
2136
8388
9065
6318
1079
9636
3141
3761
8113
7942
5913
1285
4816
0314
4554
0791
4269
0492
0351
2504
1432
6691
5417
6120
0915
6102
6571
0581
5094
9967
2110
9285
7811
5354
0564
9226
0821
5473
8254
0526
9671
3472
0536
2588
2596
3423
7958
0140
8552
5510
5352
0716
4412
3329
0987
7326
3134
7146
9860
4943
9193
6242
1736
6530
1712
3853
4304
4840
9462
3057
5660
2423
7297
6538
1955
1189
7473
8927
9042
8318
6637
1608
0481
9562
8254
1928
4633
8020
2651
7464
0310
5168
9849
8279
3037
2950
3392
2979
0868
5425
1586
5640
2569
3078
4502
9091
5670
1056
2205
1180
9942
1077
4990
9209
4808
9497
2040
9834
4782
0752
1130
1244
3784
9501
0785
2571
0758
9826
9592
6048
7334
1459
6020
5502
3546
2962
8090
6887
8126
7403
5894
9248
1071
6424
5956
9198
5596
8107
7531
1259
3179
7213
4226
3776
3612
1956
6392
0613
2708
2674
3019
0331
7863
9843
3435
4896
0699
0575
3429
2178
7343
5095
0441
0267
5412
9446
3136
4741
9738
2485
8367
2479
1656
6870
9325
1146
4065
6019
0336
2945
5298
6571
1563
1822
4067
1371
3587
4116
1667
5064
3542
6971
2585
0118
2098
2884
4236
3247
3408
3955
3527
1760
0099
1848
5462
8764
5898
7164
8978
8994
2303
4034
1079
9132
5797
7916
0754
0419
9336
6412
5686
7881
6339
2193
4328
5191
3843
0396
6150
8530
6859
4216
5785
6819
6626
7795
1717
0558
4105
3851
9302
5373
6637
8512
3858
0844
9920
3059
1821
9209
5308
4530
9756
5573
8641
3828
5975
8854
8606
0145
2054
6012
2592
7571
6967
9441
9609
9356
5819
8107
5774
0753
8084
5817
2199
5801
1425
3393
5287
4990
9745
0164
9080
8422
0448
2965
5807
2569
1918
9413
1049
8002
2400
8421
7503
4731
6429
6277
8453
4261
0797
6939
3195
5669
1970
4784
1468
4455
9323
5029
6337
5656
8209
1860
8310
7571
9365
2878
2731
8864
5740
2263
8720
5642
5987
7714
5299
3283
7751
8572
8514
2115
6240
8198
7160
7598
1456
7244
2936
2269
5970
9439
6502
0765
5880
6314
8043
2602
7019
6128
8441
0361
0663
9509
6610
8270
3437
9226
5085
5495
6056
8821
5918
0573
5800
1603
6546
4778
0687
1884
4242
4879
2680
7760
1698
6085
8441
5061
6859
9701
4277
3221
9646
3568
0612
9736
4913
9960
2134
2488
1582
4316
1303
0621
5405
9064
2608
0489
4926
3685
5489
2071
6066
3676
9503
1880
4562
7698
3834
8595
4734
6420
4653
2750
7276
3964
4568
8940
0580
0273
7798
4205
8056
5374
1931
3067
2058
6930
9546
7016
4420
7631
3212
3959
4098
8462
9747
4375
7294
0051
4972
9021
5809
0910
3429
9225
1851
2626
7450
4298
3612
2496
9364
2982
0648
5967
4905
7761
1269
1399
8542
6076
0175
6238
9914
9781
7671
0890
2682
9263
1830
6216
0731
1582
6135
2422
8463
1367
2903
7977
7664
8317
3270
8159
1036
9752
8307
9689
3275
7396
1838
7387
0122
5650
7218
7886
9582
1333
0051
4204
7745
0276
1924
5246
0314
5532
9801
2225
2409
3934
0175
1508
2251
0664
8952
1987
0541
9169
7867
7752
8671
8413
9233
7796
0428
0832
4894
7605
1941
5372
1514
3459
1404
2175
8205
8790
2982
0485
4053
5413
2078
4207
2188
7918
0608
1221
9054
7821
2471
5678
4063
8541
4556
9376
4560
9364
0252
5365
1796
3169
4153
7219
9951
1779
4824
3146
8843
8474
0728
0885
0192
2208
2153
1891
3901
6087
0562
2928
1664
8952
6123
1143
2676
7490
7522
0670
4591
7449
2610
0518
2681
6074
4834
8902
0896
8788
0335
5913
1950
6177
7143
0079
6519
8461
2608
2136
8388
9065
6318
1079
9636
3141
3761
8113
7942
5913
1285
4816
0314
4554
0791
4269
0492
0351
2504
1432
6691
5417
6120
0915
6102
6571
0581
5094
