
Tanggal Result: 01-03-2026
1st Prize: 6210
2nd Prize: 0247
3rd Prize: 9080
Angka Lainnya: 9649, 0567, 9207, 5916, 7971, 0000, 2279, 9334, 8205, 2882, 8229, 4742, 4000, 9979, 4509, 1781, 5788, 9259, 0232, 9483, 8530, 7882, 4752, 7937, 0319, 6526, 0919, 3494, 1426, 6879, 9704, 2225, 9020, 9510, 6412, 5925, 5914, 1080, 9800, 7974, 6737, 8673, 0285, 1172, 0104, 3111, 3454, 3348, 1770, 5095, 6670, 9584, 9922, 4391, 1234, 9679, 0704, 5520, 7894, 2190, 2296, 7007, 9976, 9411, 5273, 6814, 7534, 4611, 0214, 1096, 9775, 4735, 9085, 6957, 4268, 6854, 8612, 1227, 8802, 4438, 0094, 3458, 1950, 7652, 2368, 1547, 2789, 3904, 8754, 3927, 7192, 2607, 0318, 0871, 1083, 1698, 1854, 2874, 3869, 4697, 5609, 8440, 0483, 1995, 2792, 4408, 6217, 7338, 7340, 7953, 9154, 9595, 0593, 6654, 8372, 9661, 5779, 3339, 3105, 4285, 7070, 8576, 7845, 2734, 4883, 8388, 5448, 6532, 3100, 0697, 1415, 5675, 3655, 9747, 6693, 5704, 5406, 0602, 0809, 0990, 4049, 4913
------------------------------
Tanggal Result: 01-03-2026
1st Prize: 6210
2nd Prize: 0247
3rd Prize: 9080
Special: 9649, 0567, 9207, 5916, 7971, 0000, 2279, 9334, 8205, 2882
Consolation: 8229, 4742, 4000, 9979, 4509, 1781, 5788, 9259, 0232, 9483
------------------------------
